2019-4-18 10:48:00 50.000000 0.123950 2.899510 3.311200 8.999560 2.231080 0.836650 0.416110 X
2019-4-18 10:53:00 20.000000 20.000000 20.000000 20.000000 20.000000 20.000000 20.000000 20.000000 X
2019-4-18 11:03:00 50.000000 0.123950 2.899510 3.311200 8.999560 2.231080 0.836650 0.416110 X
2019-4-18 11:08:00 20.000000 20.000000 20.000000 20.000000 20.000000 20.000000 20.000000 20.000000 X
2019-4-18 11:18:00 50.000000 0.123950 2.899510 3.311200 8.999560 2.231080 0.836650 0.416110 X
2019-4-18 11:23:00 20.000000 20.000000 20.000000 20.000000 20.000000 20.000000 20.000000 20.000000 X
2019-4-18 11:33:00 50.000000 0.123950 2.899510 3.311200 8.999560 2.231080 0.836650 0.416110 X
2019-4-18 11:38:00 20.000000 20.000000 20.000000 20.000000 20.000000 20.000000 20.000000 20.000000 X
2019-4-18 11:48:00 50.000000 0.123950 2.899510 3.311200 8.999560 2.231080 0.836650 0.416110 X
2019-4-18 11:53:00 20.000000 20.000000 20.000000 20.000000 20.000000 20.000000 20.000000 20.000000 X
2019-4-18 12:03:00 50.000000 0.123950 2.899510 3.311200 8.999560 2.231080 0.836650 0.416110 X
2019-4-18 12:08:00 20.000000 20.000000 20.000000 20.000000 20.000000 20.000000 20.000000 20.000000 X
2019-4-18 12:18:00 50.000000 0.123950 2.899510 3.311200 8.999560 2.231080 0.836650 0.416110 X
2019-4-18 12:23:00 20.000000 20.000000 20.000000 20.000000 20.000000 20.000000 20.000000 20.000000 X
2019-4-18 12:33:00 50.000000 0.123950 2.899510 3.311200 8.999560 2.231080 0.836650 0.416110 X
2019-4-18 12:38:00 20.000000 20.000000 20.000000 20.000000 20.000000 20.000000 20.000000 20.000000 X
2019-4-18 12:48:00 50.000000 0.123950 2.899510 3.311200 8.999560 2.231080 0.836650 0.416110 X
2019-4-18 12:53:00 20.000000 20.000000 20.000000 20.000000 20.000000 20.000000 20.000000 20.000000 X
2019-4-18 13:03:00 50.000000 0.123950 2.899510 3.311200 8.999560 2.231080 0.836650 0.416110 X
2019-4-18 13:08:00 20.000000 20.000000 20.000000 20.000000 20.000000 20.000000 20.000000 20.000000 X
2019-4-18 13:18:00 50.000000 0.123950 2.899510 3.311200 8.999560 2.231080 0.836650 0.416110 X
2019-4-18 13:23:00 20.000000 20.000000 20.000000 20.000000 20.000000 20.000000 20.000000 20.000000 X
2019-4-18 13:33:00 50.000000 0.123950 2.899510 3.311200 8.999560 2.231080 0.836650 0.416110 X
2019-4-18 13:38:00 20.000000 20.000000 20.000000 20.000000 20.000000 20.000000 20.000000 20.000000 X
2019-4-19 5:38:00 0 0 0 0 0 0 0 0 X
2019-4-19 21:38:00 -1 -1 -1 -1 -1 -1 -1 -1 X
